0011000000000000
0001001001100001
1011001000000001
0111101000000000 
0001001001100001
1011001000000001
0111100111111111 
0001001001100001
1011001000000001
0111100111111110 
0001001001100001
1011001000000001
0111100111111101 
0001001001100001
1011001000000001
0111100111111100 
0001001001100001
1011001000000001
0111100111111011 
0001001001100001
1011001000000001
0111100111111010 
0001001001100001
1011001000000001
0111100111111001 
0001001001100001
1011001000000001
0111100111111000 
0001001001100001
1011001000000000
0111100111110111
